0.00032 0.00060 0.00098 0.00145 0.00192 0.00226 0.00239 0.00226 0.00192 0.00145 0.00098 0.00060 0.00032
0.00060 0.00110 0.00181 0.00267 0.00353 0.00417 0.00441 0.00417 0.00353 0.00267 0.00181 0.00110 0.00060
0.00098 0.00181 0.00299 0.00441 0.00582 0.00688 0.00727 0.00688 0.00582 0.00441 0.00299 0.00181 0.00098
0.00145 0.00267 0.00441 0.00651 0.00859 0.01015 0.01073 0.01015 0.00859 0.00651 0.00441 0.00267 0.00145
0.00192 0.00353 0.00582 0.00859 0.01134 0.01339 0.01416 0.01339 0.01134 0.00859 0.00582 0.00353 0.00192
0.00226 0.00417 0.00688 0.01015 0.01339 0.01582 0.01673 0.01582 0.01339 0.01015 0.00688 0.00417 0.00226
0.00239 0.00441 0.00727 0.01073 0.01416 0.01673 0.01768 0.01673 0.01416 0.01073 0.00727 0.00441 0.00239
0.00226 0.00417 0.00688 0.01015 0.01339 0.01582 0.01673 0.01582 0.01339 0.01015 0.00688 0.00417 0.00226
0.00192 0.00353 0.00582 0.00859 0.01134 0.01339 0.01416 0.01339 0.01134 0.00859 0.00582 0.00353 0.00192
0.00145 0.00267 0.00441 0.00651 0.00859 0.01015 0.01073 0.01015 0.00859 0.00651 0.00441 0.00267 0.00145
0.00098 0.00181 0.00299 0.00441 0.00582 0.00688 0.00727 0.00688 0.00582 0.00441 0.00299 0.00181 0.00098
0.00060 0.00110 0.00181 0.00267 0.00353 0.00417 0.00441 0.00417 0.00353 0.00267 0.00181 0.00110 0.00060
0.00032 0.00060 0.00098 0.00145 0.00192 0.00226 0.00239 0.00226 0.00192 0.00145 0.00098 0.00060 0.00032